67
63
63
63
63
63
63
63
63
63
63
63
63
63
63
63
63
63
63
63
63
63
63
63
63
63
63
63
63
63
63
63
63
63
63
63
63
63
63
79
63
79
63
79
63
79
79
79
79
79
79
79
79
83
83
83
83
84
86
86
86
88
88
88
88
88
88
88
88
88
89
89
89
92
92
92
96
96
96
96
96
96
96
96
96
96
96
96
96
96
96
96
96
97
97
97
97
99
99
99
99
99
99
99
99
102
102
102
103
103
103
103
103
103
103
103
104
104
112
112
112
112
112
112
112
112
112
112
112
112
112
112
112
112
112
112
112
112
112
112
112
112
112
112
112
112
113
113
113
113
115
120
120
120
120
120
120
120
120
120
120
120
120
120
120
120
120
120
120
120
120
120
120
120
120
124
124
124
124
124
124
124
124
124
124
124
124
124
124
124
124
126
126
126
126
126
126
126
126
126
126
127
127
127
127
127
127
127
127
127
128
127
128
127
128
128
128
128
129
129
129
129
129
131
131
131
131
131
131
131
131
131
131
135
135
135
135
135
135
135
135
135
135
135
135
135
135
135
135
135
135
135
135
135
142
142
142
142
143
143
143
143
143
143
143
143
143
143
143
143
143
143
143
143
143
143
143
143
143
143
143
143
143
143
143
143
143
143
143
143
143
143
143
151
143
151
152
152
152
152
152
152
152
152
153
153
153
153
156
156
156
156
156
156
156
156
156
156
158
158
158
158
158
158
159
159
159
159
159
159
159
159
159
159
159
159
159
159
159
159
159
159
159
159
159
159
159
159
159
159
159
159
159
159
159
159
159
159
159
159
159
159
159
159
159
159
163
163
163
163
163
166
166
167
167
167
167
167
167
167
167
167
167
167
167
167
167
167
167
169
169
169
169
171
171
172
172
172
172
172
172
172
172
172
176
176
176
176
176
176
176
176
176
176
176
176
192
176
192
176
192
176
192
176
192
192
192
192
192
192
192
192
192
192
192
192
192
192
192
192
192
192
192
192
192
192
192
192
192
192
192
192
192
192
192
192
192
192
192
192
192
192
192
192
192
192
192
192
192
192
192
192
192
192
192
192
192
192
192
192
192
193
193
193
193
193
193
193
193
193
193
195
195
195
195
195
195
195
195
195
195
195
195
195
195
195
195
195
195
195
195
195
195
198
198
199
199
199
199
199
199
199
199
199
199
199
199
199
199
199
199
199
199
199
199
199
199
199
199
199
199
199
199
199
199
199
199
199
199
199
199
199
199
199
199
199
199
199
199
199
199
199
199
199
199
199
199
199
199
199
199
199
199
199
199
199
199
199
199
199
199
199
199
199
199
201
199
199
199
199
199
199
199
199
199
199
199
199
199
199
199
199
199
199
199
199
199
198
198
198
195
195
195
195
195
195
195
195
195
195
195
195
195
195
195
195
195
195
195
195
193
193
193
193
193
193
193
193
193
193
193
193
193
193
193
193
192